Bin	nl	Year	Age2	Age3	Age4	Age5	Age6	Age7_plus	Age3_minus
175	4	2007	0	0.75	0.25	0	0	0	0.75
185	5	2007	0	0.8	0.2	0	0	0	0.8
195	17	2007	0	0.529411765	0.352941176	0.117647059	0	0	0.529411765
205	43	2007	0	0.418604651	0.511627907	0.069767442	0	0	0.418604651
215	59	2007	0	0.152542373	0.610169492	0.152542373	0.050847458	0.033898305	0.152542373
225	68	2007	0	0.029411765	0.367647059	0.323529412	0.117647059	0.161764706	0.029411765
235	83	2007	0	0.012048193	0.084337349	0.21686747	0.180722892	0.506024096	0.012048193
245	102	2007	0	0	0.019607843	0.088235294	0.078431373	0.81372549	0
255	50	2007	0	0	0	0	0.04	0.96	0
265	19	2007	0	0	0	0	0	1	0
275	0	2007	0	0	0	0	0	1	0
285	1	2007	0	0	0	0	0	1	0
155	3	2008	0.333333333	0.333333333	0	0	0.333333333	0	0.666666666
165	1	2008	0	1	0	0	0	0	1
175	14	2008	0	0.928571429	0.071428571	0	0	0	0.928571429
185	13	2008	0	0.615384615	0.384615385	0	0	0	0.615384615
195	30	2008	0	0.533333333	0.4	0.066666667	0	0	0.533333333
205	30	2008	0	0.466666667	0.533333333	0	0	0	0.466666667
215	35	2008	0	0.342857143	0.542857143	0.085714286	0.028571429	0	0.342857143
225	55	2008	0	0.018181818	0.545454545	0.272727273	0.090909091	0.072727273	0.018181818
235	59	2008	0	0.016949153	0.101694915	0.322033898	0.305084746	0.254237288	0.016949153
245	56	2008	0	0	0.035714286	0.160714286	0.196428571	0.607142857	0
255	57	2008	0	0	0	0.01754386	0.122807018	0.859649123	0
265	17	2008	0	0	0	0	0	1	0
275	1	2008	0	0	0	0	0	1	0
285	1	2008	0	0	0	0	0	1	0
155	2	2009	0	1	0	0	0	0	1
165	5	2009	0	0.8	0.2	0	0	0	0.8
175	15	2009	0	0.733333333	0.266666667	0	0	0	0.733333333
185	26	2009	0	0.538461538	0.423076923	0.038461538	0	0	0.538461538
195	39	2009	0	0.153846154	0.666666667	0.153846154	0.025641026	0	0.153846154
205	56	2009	0	0.035714286	0.571428571	0.303571429	0.071428571	0.017857143	0.035714286
215	65	2009	0	0	0.353846154	0.476923077	0.092307692	0.076923077	0
225	71	2009	0	0	0.253521127	0.436619718	0.197183099	0.112676056	0
235	65	2009	0	0	0.061538462	0.369230769	0.215384615	0.353846154	0
245	67	2009	0	0	0.014925373	0.104477612	0.194029851	0.686567164	0
255	41	2009	0	0	0	0.048780488	0.048780488	0.902439024	0
265	16	2009	0	0	0	0	0	1	0
275	5	2009	0	0	0	0	0	1	0
165	1	2010	0	1	0	0	0	0	1
175	19	2010	0	0.789473684	0.157894737	0.052631579	0	0	0.789473684
185	34	2010	0	0.5	0.470588235	0.029411765	0	0	0.5
195	39	2010	0	0.230769231	0.461538462	0.256410256	0.051282051	0	0.230769231
205	81	2010	0	0.024691358	0.567901235	0.296296296	0.074074074	0.037037037	0.024691358
215	71	2010	0	0	0.211267606	0.492957746	0.225352113	0.070422535	0
225	100	2010	0	0	0.02	0.65	0.24	0.09	0
235	68	2010	0	0	0.029411765	0.382352941	0.426470588	0.161764706	0
245	55	2010	0	0	0.018181818	0.072727273	0.309090909	0.6	0
255	27	2010	0	0	0	0.037037037	0.074074074	0.888888889	0
265	7	2010	0	0	0.142857143	0	0	0.857142857	0
275	1	2010	0	0	0	0	0	1	0
105	0	2011	1	0	0	0	0	0	1
115	0	2011	1	0	0	0	0	0	1
125	0	2011	1	0	0	0	0	0	1
135	0	2011	1	0	0	0	0	0	1
145	0	2011	1	0	0	0	0	0	1
155	0	2011	1	0	0	0	0	0	1
165	2	2011	0	0.5	0.5	0	0	0	0.5
175	10	2011	0	0.8	0.1	0.1	0	0	0.8
185	21	2011	0	0.523809524	0.238095238	0.238095238	0	0	0.523809524
195	35	2011	0	0.342857143	0.514285714	0.142857143	0	0	0.342857143
205	88	2011	0	0.034090909	0.579545455	0.340909091	0.045454545	0	0.034090909
215	93	2011	0	0	0.440860215	0.290322581	0.193548387	0.075268817	0
225	116	2011	0	0	0.163793103	0.318965517	0.310344828	0.206896552	0
235	86	2011	0	0	0.023255814	0.174418605	0.441860465	0.360465116	0
245	54	2011	0	0	0.018518519	0.037037037	0.481481481	0.462962963	0
255	20	2011	0	0	0	0	0.25	0.75	0
265	10	2011	0	0	0	0	0	1	0
275	2	2011	0	0	0	0	0	1	0
145	0	2012	1	0	0	0	0	0	1
155	2	2012	0.5	0.5	0	0	0	0	1
165	4	2012	0	1	0	0	0	0	1
175	26	2012	0	0.692307692	0.307692308	0	0	0	0.692307692
185	35	2012	0	0.485714286	0.4	0.085714286	0.028571429	0	0.485714286
195	53	2012	0	0.301886792	0.509433962	0.113207547	0.075471698	0	0.301886792
205	61	2012	0	0.081967213	0.459016393	0.31147541	0.131147541	0.016393443	0.081967213
215	90	2012	0	0.011111111	0.177777778	0.477777778	0.222222222	0.111111111	0.011111111
225	97	2012	0	0	0.06185567	0.371134021	0.360824742	0.206185567	0
235	66	2012	0	0	0	0.166666667	0.318181818	0.515151515	0
245	51	2012	0	0	0	0.019607843	0.137254902	0.843137255	0
255	23	2012	0	0	0	0	0	1	0
265	3	2012	0	0	0	0	0	1	0
275	1	2012	0	0	0	0	0	1	0
145	1	2013	0	1	0	0	0	0	1
155	2	2013	0	1	0	0	0	0	1
165	8	2013	0	1	0	0	0	0	1
175	38	2013	0	0.921052632	0.052631579	0.026315789	0	0	0.921052632
185	55	2013	0	0.818181818	0.145454545	0.018181818	0.018181818	0	0.818181818
195	28	2013	0	0.642857143	0.178571429	0.071428571	0.035714286	0.071428571	0.642857143
205	33	2013	0.03030303	0.393939394	0.242424242	0.212121212	0.121212121	0	0.424242424
215	34	2013	0	0	0.5	0.176470588	0.205882353	0.117647059	0
225	88	2013	0	0	0.125	0.204545455	0.375	0.295454545	0
235	101	2013	0	0.01980198	0.00990099	0.118811881	0.366336634	0.485148515	0.01980198
245	108	2013	0	0	0	0	0.25	0.75	0
255	70	2013	0	0	0	0	0.014285714	0.985714286	0
265	21	2013	0	0	0	0	0	1	0
275	0	2013	0	0	0	0	0	1	0
285	1	2013	0	0	0	0	0	1	0
125	0	2014	0	1	0	0	0	0	1
165	5	2014	0.8	0	0.2	0	0	0	0.8
175	16	2014	0	0	0.9375	0.0625	0	0	0
185	38	2014	0	0.078947368	0.894736842	0.026315789	0	0	0.078947368
195	99	2014	0	0.070707071	0.818181818	0.090909091	0.02020202	0	0.070707071
205	135	2014	0	0.014814815	0.807407407	0.118518519	0.02962963	0.02962963	0.014814815
215	111	2014	0	0	0.720720721	0.225225225	0.036036036	0.018018018	0
225	113	2014	0	0	0.265486726	0.230088496	0.212389381	0.292035398	0
235	111	2014	0	0	0.009009009	0.081081081	0.216216216	0.693693694	0
245	179	2014	0	0	0.016759777	0.016759777	0.067039106	0.899441341	0
255	71	2014	0	0	0	0	0.028169014	0.971830986	0
265	22	2014	0	0	0	0	0	1	0
275	5	2014	0	0	0	0	0	1	0
165	3	2015	0	1	0	0	0	0	1
175	19	2015	0	1	0	0	0	0	1
185	94	2015	0	0.968085106	0	0.031914894	0	0	0.968085106
195	112	2015	0	0.9375	0.017857143	0.044642857	0	0	0.9375
205	44	2015	0	0.431818182	0.045454545	0.477272727	0.045454545	0	0.431818182
215	22	2015	0	0	0	0.909090909	0	0.090909091	0
225	46	2015	0	0	0	0.652173913	0.152173913	0.195652174	0
235	33	2015	0	0	0.03030303	0.333333333	0.212121212	0.424242424	0
245	50	2015	0	0	0	0.02	0.06	0.92	0
255	38	2015	0	0	0	0	0.026315789	0.973684211	0
265	15	2015	0	0	0	0	0	1	0
275	3	2015	0	0	0	0	0	1	0
125	0	2016	0	1	0	0	0	0	1
165	2	2016	0	1	0	0	0	0	1
175	18	2016	0.111111111	0.444444444	0.444444444	0	0	0	0.555555555
185	43	2016	0	0.023255814	0.930232558	0	0.023255814	0.023255814	0.023255814
195	142	2016	0	0	0.950704225	0.035211268	0.014084507	0	0
205	176	2016	0	0.005681818	0.926136364	0.028409091	0.039772727	0	0.005681818
215	40	2016	0	0	0.7	0.075	0.2	0.025	0
225	21	2016	0	0	0.095238095	0.095238095	0.761904762	0.047619048	0
235	6	2016	0	0	0	0	0.166666667	0.833333333	0
245	10	2016	0	0	0	0	0.1	0.9	0
255	8	2016	0	0	0	0	0	1	0
155	2	2017	0.5	0.5	0	0	0	0	1
165	7	2017	0.142857143	0.857142857	0	0	0	0	1
175	30	2017	0.033333333	0.733333333	0.133333333	0.1	0	0	0.766666666
185	63	2017	0	0.80952381	0.095238095	0.095238095	0	0	0.80952381
195	95	2017	0	0.515789474	0.126315789	0.357894737	0	0	0.515789474
205	133	2017	0	0.112781955	0.067669173	0.751879699	0.015037594	0.052631579	0.112781955
215	118	2017	0	0.008474576	0.016949153	0.915254237	0.016949153	0.042372881	0.008474576
225	27	2017	0	0	0	0.814814815	0.074074074	0.111111111	0
235	6	2017	0	0	0	0.166666667	0.166666667	0.666666667	0
245	4	2017	0	0	0	0	0	1	0
255	0	2017	0	0	0	0	0	1	0
265	2	2017	0	0	0	0	0	1	0
175	16	2018	0	0.875	0.125	0	0	0	0.875
185	34	2018	0	0.676470588	0.264705882	0.029411765	0.029411765	0	0.676470588
195	61	2018	0	0.278688525	0.590163934	0.032786885	0.098360656	0	0.278688525
205	56	2018	0	0.017857143	0.517857143	0.089285714	0.375	0	0.017857143
215	60	2018	0	0	0.033333333	0.066666667	0.783333333	0.116666667	0
225	32	2018	0	0	0.0625	0.03125	0.71875	0.1875	0
235	5	2018	0	0	0	0	0.6	0.4	0
245	3	2018	0	0	0	0	0	1	0
255	1	2018	0	0	0	0	0	1	0
155	14	2019	0.071428571	0.928571429	0	0	0	0	1
165	74	2019	0	0.972972973	0.027027027	0	0	0	0.972972973
175	230	2019	0	0.960869565	0.034782609	0.004347826	0	0	0.960869565
185	294	2019	0	0.942176871	0.040816327	0.013605442	0	0.003401361	0.942176871
195	172	2019	0	0.825581395	0.13372093	0.029069767	0	0.011627907	0.825581395
205	104	2019	0	0.298076923	0.317307692	0.25	0.028846154	0.105769231	0.298076923
215	45	2019	0	0.044444444	0.111111111	0.355555556	0.066666667	0.422222222	0.044444444
225	47	2019	0	0	0	0.14893617	0.127659574	0.723404255	0
235	19	2019	0	0	0	0.052631579	0	0.947368421	0
245	0	2019	0	0	0	0	0	1	0
