Bin	nl	Year	Age1	Age2	Age3	Age4	Age5	Age6	Age7_plus	Age3_minus
55	1	2007	1	0	0	0	0	0	0	1
65	12	2007	1	0	0	0	0	0	0	1
75	18	2007	1	0	0	0	0	0	0	1
85	171	2007	0.994152047	0.005847953	0	0	0	0	0	1
95	375	2007	0.976	0.024	0	0	0	0	0	1
105	64	2007	0.984375	0.015625	0	0	0	0	0	1
115	22	2007	0.181818182	0.818181818	0	0	0	0	0	1
125	60	2007	0.016666667	0.95	0.033333333	0	0	0	0	1
135	129	2007	0.031007752	0.945736434	0.015503876	0	0	0	0.007751938	0.992248062
145	221	2007	0.009049774	0.92760181	0.063348416	0	0	0	0	1
155	221	2007	0	0.755656109	0.244343891	0	0	0	0	1
165	145	2007	0	0.24137931	0.751724138	0.006896552	0	0	0	0.993103448
175	275	2007	0	0.007272727	0.927272727	0.058181818	0.003636364	0	0.003636364	0.934545454
185	264	2007	0	0	0.837121212	0.151515152	0.007575758	0.003787879	0	0.837121212
195	206	2007	0	0	0.490291262	0.359223301	0.116504854	0.024271845	0.009708738	0.490291262
205	267	2007	0	0	0.131086142	0.460674157	0.292134831	0.071161049	0.04494382	0.131086142
215	276	2007	0	0	0.014492754	0.257246377	0.402173913	0.163043478	0.163043478	0.014492754
225	304	2007	0	0	0	0.115131579	0.230263158	0.154605263	0.5	0
235	300	2007	0	0	0	0.003333333	0.03	0.06	0.906666667	0
245	255	2007	0	0	0	0	0.003921569	0	0.996078431	0
255	65	2007	0	0	0	0	0	0	1	0
265	13	2007	0	0	0	0	0	0	1	0
275	1	2007	0	0	0	0	0	0	1	0
75	17	2008	1	0	0	0	0	0	0	1
85	47	2008	0.978723404	0.021276596	0	0	0	0	0	1
95	22	2008	1	0	0	0	0	0	0	1
105	14	2008	0.642857143	0.357142857	0	0	0	0	0	1
115	49	2008	0.183673469	0.816326531	0	0	0	0	0	1
125	120	2008	0.025	0.941666667	0.033333333	0	0	0	0	1
135	208	2008	0	0.942307692	0.057692308	0	0	0	0	1
145	188	2008	0.005319149	0.856382979	0.132978723	0.005319149	0	0	0	0.994680851
155	87	2008	0	0.655172414	0.333333333	0.011494253	0	0	0	0.988505747
165	126	2008	0	0.023809524	0.904761905	0.071428571	0	0	0	0.928571429
175	321	2008	0	0.009345794	0.875389408	0.112149533	0	0	0.003115265	0.884735202
185	377	2008	0	0	0.668435013	0.326259947	0.00530504	0	0	0.668435013
195	458	2008	0	0	0.347161572	0.626637555	0.026200873	0	0	0.347161572
205	778	2008	0	0	0.070694087	0.86503856	0.042416452	0.015424165	0.006426735	0.070694087
215	437	2008	0	0	0.006864989	0.736842105	0.171624714	0.070938215	0.013729977	0.006864989
225	293	2008	0	0	0.003412969	0.262798635	0.307167235	0.218430034	0.208191126	0.003412969
235	356	2008	0	0	0	0.025280899	0.078651685	0.165730337	0.730337079	0
245	377	2008	0	0	0	0.00265252	0.00265252	0.039787798	0.954907162	0
255	336	2008	0	0	0	0	0.005952381	0	0.994047619	0
265	77	2008	0	0	0	0	0	0	1	0
275	7	2008	0	0	0	0	0	0	1	0
105	2	2009	0	1	0	0	0	0	0	1
115	12	2009	0	0.916666667	0.083333333	0	0	0	0	1
125	130	2009	0.015384615	0.907692308	0.076923077	0	0	0	0	1
135	415	2009	0.019277108	0.86746988	0.103614458	0.009638554	0	0	0	0.990361446
145	435	2009	0.011494253	0.705747126	0.259770115	0.022988506	0	0	0	0.977011494
155	326	2009	0	0.217791411	0.671779141	0.107361963	0.003067485	0	0	0.889570552
165	290	2009	0	0.017241379	0.679310345	0.286206897	0.017241379	0	0	0.696551724
175	410	2009	0	0.004878049	0.341463415	0.580487805	0.068292683	0.004878049	0	0.346341464
185	446	2009	0.002242152	0	0.183856502	0.710762332	0.098654709	0.004484305	0	0.186098654
195	526	2009	0	0	0.053231939	0.707224335	0.235741445	0.001901141	0.001901141	0.053231939
205	635	2009	0	0.001574803	0.012598425	0.48976378	0.462992126	0.028346457	0.004724409	0.014173228
215	555	2009	0	0	0.001801802	0.282882883	0.630630631	0.063063063	0.021621622	0.001801802
225	315	2009	0	0	0	0.149206349	0.634920635	0.114285714	0.101587302	0
235	154	2009	0	0	0	0.051948052	0.376623377	0.162337662	0.409090909	0
245	129	2009	0	0	0	0	0.069767442	0.054263566	0.875968992	0
255	67	2009	0	0	0	0	0.044776119	0.044776119	0.910447761	0
265	12	2009	0	0	0	0	0	0.083333333	0.916666667	0
275	2	2009	0	0	0	0	0	0	1	0
75	1	2010	0	1	0	0	0	0	0	1
85	0	2010	0	1	0	0	0	0	0	1
95	0	2010	0	1	0	0	0	0	0	1
105	1	2010	0	1	0	0	0	0	0	1
115	2	2010	0	0	0.5	0.5	0	0	0	0.5
125	7	2010	0	0.714285714	0.285714286	0	0	0	0	1
135	81	2010	0	0.333333333	0.62962963	0.024691358	0.012345679	0	0	0.962962963
145	196	2010	0	0.102040816	0.816326531	0.071428571	0.005102041	0.005102041	0	0.918367347
155	305	2010	0	0.055737705	0.809836066	0.108196721	0.026229508	0	0	0.865573771
165	439	2010	0	0.013667426	0.758542141	0.16856492	0.050113895	0.009111617	0	0.772209567
175	570	2010	0	0.005263158	0.654385965	0.201754386	0.129824561	0.007017544	0.001754386	0.659649123
185	530	2010	0	0	0.383018868	0.296226415	0.290566038	0.024528302	0.005660377	0.383018868
195	537	2010	0	0	0.141527002	0.301675978	0.467411546	0.08566108	0.003724395	0.141527002
205	720	2010	0	0	0.044444444	0.144444444	0.594444444	0.208333333	0.008333333	0.044444444
215	615	2010	0	0	0.019512195	0.048780488	0.536585366	0.354471545	0.040650407	0.019512195
225	513	2010	0	0	0.009746589	0.025341131	0.393762183	0.495126706	0.076023392	0.009746589
235	336	2010	0	0	0.00297619	0.017857143	0.178571429	0.532738095	0.267857143	0.00297619
245	118	2010	0	0	0	0	0.076271186	0.237288136	0.686440678	0
255	57	2010	0	0	0	0	0	0.122807018	0.877192982	0
265	23	2010	0	0	0	0	0	0	1	0
135	1	2011	0	1	0	0	0	0	0	1
145	4	2011	0	0.5	0.25	0	0	0	0.25	0.75
155	25	2011	0	0	0.4	0.56	0.04	0	0	0.4
165	69	2011	0	0	0.130434783	0.797101449	0.057971014	0.014492754	0	0.130434783
175	139	2011	0	0	0.086330935	0.798561151	0.071942446	0.035971223	0.007194245	0.086330935
185	199	2011	0	0	0.040201005	0.738693467	0.145728643	0.075376884	0	0.040201005
195	293	2011	0	0	0.017064846	0.552901024	0.242320819	0.153583618	0.034129693	0.017064846
205	387	2011	0	0	0.007751938	0.338501292	0.271317829	0.284237726	0.098191214	0.007751938
215	488	2011	0	0	0	0.057377049	0.198770492	0.469262295	0.274590164	0
225	671	2011	0	0	0	0.011922504	0.089418778	0.475409836	0.423248882	0
235	513	2011	0	0	0	0.009746589	0.037037037	0.366471735	0.586744639	0
245	278	2011	0	0	0	0	0.010791367	0.248201439	0.741007194	0
255	107	2011	0	0	0	0	0.009345794	0.065420561	0.925233645	0
265	36	2011	0	0	0	0	0	0.055555556	0.944444444	0
275	11	2011	0	0	0	0	0	0	1	0
115	1	2012	0	0	1	0	0	0	0	1
125	0	2012	0	0	1	0	0	0	0	1
135	3	2012	0	0.666666667	0.333333333	0	0	0	0	1
145	3	2012	0	0.666666667	0.333333333	0	0	0	0	1
155	54	2012	0	0.12962963	0.777777778	0.037037037	0.037037037	0.018518519	0	0.907407408
165	287	2012	0	0.003484321	0.87456446	0.073170732	0.038327526	0.003484321	0.006968641	0.878048781
175	450	2012	0	0.006666667	0.806666667	0.097777778	0.066666667	0.008888889	0.013333333	0.813333334
185	344	2012	0	0	0.625	0.136627907	0.209302326	0.020348837	0.00872093	0.625
195	377	2012	0	0	0.188328912	0.204244032	0.525198939	0.066312997	0.015915119	0.188328912
205	616	2012	0	0	0.025974026	0.092532468	0.650974026	0.13961039	0.090909091	0.025974026
215	627	2012	0	0.001594896	0.004784689	0.033492823	0.484848485	0.228070175	0.247208931	0.006379585
225	606	2012	0	0	0.004950495	0.014851485	0.217821782	0.242574257	0.51980198	0.004950495
235	644	2012	0	0	0.00310559	0.004658385	0.063664596	0.139751553	0.788819876	0.00310559
245	399	2012	0	0	0.002506266	0.005012531	0.010025063	0.09273183	0.889724311	0.002506266
255	128	2012	0	0	0.0078125	0	0.0078125	0.078125	0.90625	0.0078125
265	33	2012	0	0	0	0.03030303	0	0	0.96969697	0
275	5	2012	0	0	0	0	0	0	1	0
115	9	2013	0	0.888888889	0.111111111	0	0	0	0	1
125	89	2013	0	0.966292135	0.02247191	0.011235955	0	0	0	0.988764045
135	131	2013	0	0.923664122	0.076335878	0	0	0	0	1
145	79	2013	0	0.911392405	0.088607595	0	0	0	0	1
155	27	2013	0	0.481481481	0.518518519	0	0	0	0	1
165	53	2013	0	0.150943396	0.679245283	0.169811321	0	0	0	0.830188679
175	89	2013	0	0.02247191	0.629213483	0.292134831	0.033707865	0.02247191	0	0.651685393
185	126	2013	0	0.007936508	0.333333333	0.579365079	0.047619048	0.023809524	0.007936508	0.341269841
195	158	2013	0	0	0.113924051	0.778481013	0.037974684	0.050632911	0.018987342	0.113924051
205	351	2013	0	0	0.017094017	0.746438746	0.065527066	0.145299145	0.025641026	0.017094017
215	341	2013	0	0	0.002932551	0.363636364	0.096774194	0.360703812	0.175953079	0.002932551
225	475	2013	0	0	0	0.090526316	0.08	0.383157895	0.446315789	0
235	571	2013	0	0	0	0.017513135	0.017513135	0.213660245	0.751313485	0
245	448	2013	0	0	0	0.015625	0.015625	0.087053571	0.881696429	0
255	214	2013	0	0	0	0.009345794	0.009345794	0.028037383	0.953271028	0
265	60	2013	0	0	0	0.016666667	0	0.083333333	0.9	0
275	11	2013	0	0	0	0	0	0	1	0
285	0	2013	0	0	0	0	0	0	1	0
295	2	2013	0	0	0	0.5	0	0	0.5	0
115	1	2014	0	1	0	0	0	0	0	1
125	1	2014	0	0	1	0	0	0	0	1
135	1	2014	0	0	1	0	0	0	0	1
145	3	2014	0	0	0.666666667	0.333333333	0	0	0	0.666666667
155	17	2014	0	0.176470588	0.411764706	0.176470588	0.176470588	0	0.058823529	0.588235294
165	59	2014	0	0	0.220338983	0.627118644	0.101694915	0	0.050847458	0.220338983
175	252	2014	0	0	0.055555556	0.678571429	0.222222222	0.03968254	0.003968254	0.055555556
185	501	2014	0	0	0.045908184	0.477045908	0.395209581	0.045908184	0.035928144	0.045908184
195	666	2014	0	0	0.003003003	0.243243243	0.594594595	0.07957958	0.07957958	0.003003003
205	747	2014	0	0	0.001338688	0.082998661	0.567603748	0.137884873	0.210174029	0.001338688
215	601	2014	0	0	0.003327787	0.036605657	0.271214642	0.139767055	0.549084859	0.003327787
225	703	2014	0	0	0.001422475	0.018492176	0.085348506	0.100995733	0.79374111	0.001422475
235	630	2014	0	0	0	0.011111111	0.044444444	0.044444444	0.9	0
245	425	2014	0	0	0	0.007058824	0.025882353	0.032941176	0.934117647	0
255	67	2014	0	0	0	0	0.059701493	0.044776119	0.895522388	0
265	20	2014	0	0	0	0	0	0.15	0.85	0
275	11	2014	0	0	0	0	0	0	1	0
285	1	2014	0	0	0	0	0	0	1	0
155	3	2015	0	1	0	0	0	0	0	1
165	16	2015	0	0.125	0.75	0.0625	0.0625	0	0	0.875
175	39	2015	0	0	0.948717949	0	0.025641026	0	0.025641026	0.948717949
185	56	2015	0	0	0.857142857	0.089285714	0.017857143	0.017857143	0.017857143	0.857142857
195	45	2015	0	0	0.533333333	0.088888889	0.266666667	0.088888889	0.022222222	0.533333333
205	42	2015	0	0	0.119047619	0.095238095	0.30952381	0.404761905	0.071428571	0.119047619
215	121	2015	0	0	0.024793388	0.008264463	0.363636364	0.446280992	0.157024793	0.024793388
225	195	2015	0	0	0.01025641	0.025641026	0.205128205	0.502564103	0.256410256	0.01025641
235	207	2015	0	0	0.004830918	0.004830918	0.106280193	0.299516908	0.584541063	0.004830918
245	141	2015	0	0	0	0.007092199	0.028368794	0.078014184	0.886524823	0
255	61	2015	0	0	0	0	0	0.114754098	0.885245902	0
265	21	2015	0	0	0	0	0	0.047619048	0.952380952	0
275	3	2015	0	0	0	0	0	0.333333333	0.666666667	0
285	1	2015	0	0	0	0	0	0	1	0
105	1	2016	0	0	1	0	0	0	0	1
115	0	2016	0	0	1	0	0	0	0	1
125	0	2016	0	0	1	0	0	0	0	1
135	6	2016	0	0.666666667	0.333333333	0	0	0	0	1
145	21	2016	0	0.333333333	0.523809524	0.095238095	0.047619048	0	0	0.857142857
155	56	2016	0	0.107142857	0.785714286	0.107142857	0	0	0	0.892857143
165	167	2016	0	0.017964072	0.646706587	0.28742515	0.023952096	0.011976048	0.011976048	0.664670659
175	362	2016	0	0	0.591160221	0.350828729	0.035911602	0.011049724	0.011049724	0.591160221
185	293	2016	0	0	0.481228669	0.433447099	0.061433447	0.013651877	0.010238908	0.481228669
195	169	2016	0	0	0.24852071	0.544378698	0.082840237	0.053254438	0.071005917	0.24852071
205	111	2016	0	0	0.081081081	0.261261261	0.144144144	0.288288288	0.225225225	0.081081081
215	106	2016	0	0	0.018867925	0.047169811	0.122641509	0.245283019	0.566037736	0.018867925
225	156	2016	0	0	0	0.019230769	0.064102564	0.198717949	0.717948718	0
235	84	2016	0	0	0.011904762	0.023809524	0.011904762	0.119047619	0.833333333	0.011904762
245	44	2016	0	0	0.022727273	0.045454545	0.022727273	0.090909091	0.818181818	0.022727273
255	20	2016	0	0	0	0	0	0	1	0
265	3	2016	0	0	0	0	0	0	1	0
105	0	2017		0	1	0	0	0	0	1
115	0	2017		0	1	0	0	0	0	1
125	0	2017		0	1	0	0	0	0	1
135	1	2017	0	0	1	0	0	0	0	1
145	3	2017	0	0	1	0	0	0	0	1
155	58	2017	0	0.068965517	0.810344828	0.086206897	0.017241379	0	0.017241379	0.879310345
165	234	2017	0	0.02991453	0.858974359	0.068376068	0.025641026	0	0.017094017	0.888888889
175	473	2017	0	0.016913319	0.849894292	0.076109937	0.046511628	0.00422833	0.006342495	0.866807611
185	541	2017	0	0.009242144	0.781885397	0.125693161	0.068391867	0.007393715	0.007393715	0.791127541
195	499	2017	0	0.002004008	0.583166333	0.274549098	0.114228457	0.016032064	0.01002004	0.585170341
205	451	2017	0	0.002217295	0.332594235	0.427937916	0.201773836	0.019955654	0.015521064	0.33481153
215	357	2017	0	0	0.131652661	0.392156863	0.378151261	0.067226891	0.030812325	0.131652661
225	244	2017	0	0	0.106557377	0.237704918	0.393442623	0.12704918	0.135245902	0.106557377
235	90	2017	0	0	0.088888889	0.022222222	0.344444444	0.144444444	0.4	0.088888889
245	48	2017	0	0	0.041666667	0.020833333	0.041666667	0.229166667	0.666666667	0.041666667
255	15	2017	0	0	0	0	0	0	1	0
265	1	2017	0	0	0	0	0	1	0	0
75	1	2018	1	0	0	0	0	0	0	1
85	59	2018	1	0	0	0	0	0	0	1
95	126	2018	0.984126984	0.015873016	0	0	0	0	0	1
105	30	2018	0.866666667	0.066666667	0.033333333	0	0.033333333	0	0	0.966666667
115	27	2018	0.074074074	0.407407407	0.444444444	0.074074074	0	0	0	0.925925925
125	114	2018	0.01754386	0.201754386	0.210526316	0.368421053	0.114035088	0.087719298	0	0.429824562
135	33	2018	0	0.848484848	0.090909091	0.060606061	0	0	0	0.939393939
145	22	2018	0	0.636363636	0.272727273	0	0.090909091	0	0	0.909090909
155	67	2018	0	0.432835821	0.447761194	0.074626866	0.029850746	0.014925373	0	0.880597015
165	189	2018	0	0.148148148	0.55026455	0.259259259	0.031746032	0.010582011	0	0.698412698
175	327	2018	0	0.048929664	0.480122324	0.397553517	0.048929664	0.024464832	0	0.529051988
185	277	2018	0	0.007220217	0.25631769	0.577617329	0.115523466	0.036101083	0.007220217	0.263537907
195	240	2018	0	0	0.145833333	0.579166667	0.191666667	0.075	0.008333333	0.145833333
205	199	2018	0	0	0.050251256	0.432160804	0.306532663	0.175879397	0.035175879	0.050251256
215	85	2018	0	0	0.011764706	0.258823529	0.423529412	0.211764706	0.094117647	0.011764706
225	55	2018	0	0	0	0.072727273	0.327272727	0.454545455	0.145454545	0
235	11	2018	0	0	0	0	0.363636364	0.090909091	0.545454545	0
245	4	2018	0	0	0	0	0	0	1	0
85	5	2019	0.8	0	0.2	0	0	0	0	1
95	6	2019	0.833333333	0.166666667	0	0	0	0	0	1
105	9	2019	0.333333333	0.666666667	0	0	0	0	0	1
115	45	2019	0.044444444	0.933333333	0.022222222	0	0	0	0	0.999999999
125	37	2019	0.054054054	0.837837838	0.108108108	0	0	0	0	1
135	18	2019	0	0.555555556	0.444444444	0	0	0	0	1
145	64	2019	0	0.171875	0.796875	0.015625	0.015625	0	0	0.96875
155	298	2019	0.003355705	0.036912752	0.909395973	0.030201342	0.010067114	0.010067114	0	0.94966443
165	411	2019	0.00243309	0.01946472	0.936739659	0.01703163	0.01703163	0.00729927	0	0.958637469
175	388	2019	0	0.005154639	0.902061856	0.056701031	0.023195876	0.012886598	0	0.907216495
185	238	2019	0	0.004201681	0.840336134	0.054621849	0.088235294	0.008403361	0.004201681	0.844537815
195	120	2019	0	0	0.641666667	0.15	0.158333333	0.016666667	0.033333333	0.641666667
205	63	2019	0	0	0.206349206	0.222222222	0.428571429	0.095238095	0.047619048	0.206349206
215	24	2019	0	0	0.041666667	0.125	0.333333333	0.333333333	0.166666667	0.041666667
225	12	2019	0	0	0	0.083333333	0.25	0.416666667	0.25	0
235	2	2019	0	0	0.5	0	0	0.5	0	0.5
245	1	2019	0	0	0	0	0	1	0	0
